<?xml version="1.0" encoding="UTF-8"?>
<map version="1.0" orientation="orthogonal" renderorder="right-down" width="20" height="20" tilewidth="32" tileheight="32" nextobjectid="19">
 <tileset firstgid="1" name="town1" tilewidth="32" tileheight="32" margin="1">
  <image source="../Mini Maps/town1.png" trans="ff00ff" width="133" height="67"/>
  <terraintypes>
   <terrain name="New Terrain" tile="5"/>
  </terraintypes>
  <tile id="0">
   <properties>
    <property name="Material" value="solid"/>
    <property name="Texture" value="StoneWall1"/>
   </properties>
  </tile>
  <tile id="2">
   <properties>
    <property name="Material" value="transparent"/>
    <property name="Texture" value="Rock1"/>
   </properties>
  </tile>
  <tile id="3">
   <properties>
    <property name="Material" value="transparent"/>
    <property name="Texture" value="door1"/>
    <property name="Type" value="Door"/>
   </properties>
  </tile>
  <tile id="5" terrain="0,0,0,0"/>
  <tile id="6">
   <properties>
    <property name="Material" value=""/>
    <property name="Texture" value="Grass1"/>
   </properties>
  </tile>
 </tileset>
 <tileset firstgid="9" name="town2" tilewidth="32" tileheight="32" margin="1">
  <image source="../Mini Maps/town1.png" trans="ff00ff" width="133" height="67"/>
  <tile id="0">
   <properties>
    <property name="Material" value=""/>
    <property name="Texture" value="StoneWall1"/>
   </properties>
  </tile>
  <tile id="6">
   <properties>
    <property name="Material" value=""/>
    <property name="Texture" value="Grass1"/>
   </properties>
  </tile>
 </tileset>
 <layer name="Ground" width="20" height="20">
  <properties>
   <property name="Type" value="Terrain"/>
  </properties>
  <data encoding="csv">
15,15,15,15,15,15,15,15,15,15,15,15,15,15,15,15,15,15,15,15,
15,15,15,15,15,15,15,15,15,15,15,15,15,15,15,15,15,15,15,15,
15,15,15,15,15,15,15,15,15,15,15,15,15,15,15,15,15,15,15,15,
15,15,15,15,15,15,15,15,15,15,15,15,15,15,15,15,15,15,15,15,
15,15,15,15,15,15,15,15,15,15,15,15,15,15,15,15,15,15,15,15,
15,15,15,15,15,15,15,15,15,15,15,15,15,15,15,15,15,15,15,15,
15,15,15,15,15,15,15,15,15,15,15,15,15,15,15,15,15,15,15,15,
15,15,15,15,15,15,15,15,15,15,15,15,15,15,15,15,15,15,15,15,
15,15,15,15,15,15,15,15,15,15,15,15,15,15,15,15,15,15,15,15,
15,15,15,15,15,15,15,15,15,15,15,15,15,15,15,15,15,15,15,15,
15,15,15,15,15,15,15,15,15,15,15,15,15,15,15,15,15,15,15,15,
15,15,15,15,15,15,15,15,15,15,15,15,15,15,15,15,15,15,15,15,
15,15,15,15,15,15,15,15,15,15,15,15,15,15,15,15,15,15,15,15,
15,15,15,15,15,15,15,15,15,15,15,15,15,15,15,15,15,15,15,15,
15,15,15,15,15,15,15,15,15,15,15,15,15,15,15,15,15,15,15,15,
15,15,15,15,15,15,15,15,15,15,15,15,15,15,15,15,15,15,15,15,
15,15,15,15,15,15,15,15,15,15,15,15,15,15,15,15,15,15,15,15,
15,15,15,15,15,15,15,15,15,15,15,15,15,15,15,15,15,15,15,15,
15,15,15,15,15,15,15,15,15,15,15,15,15,15,15,15,15,15,15,15,
15,15,15,15,15,15,15,15,15,15,15,15,15,15,15,15,15,15,15,15
</data>
 </layer>
 <layer name="Walls" width="20" height="20">
  <properties>
   <property name="Type" value="Walls"/>
  </properties>
  <data encoding="csv">
9,9,9,9,9,9,9,9,9,9,9,9,9,9,9,9,9,9,9,9,
9,0,0,0,0,0,0,0,0,0,0,0,0,0,0,0,0,0,0,9,
9,0,0,0,0,0,0,0,0,0,0,0,0,0,0,0,0,0,0,9,
9,0,0,0,1,1,1,1,0,0,0,0,0,0,0,0,0,0,0,9,
9,0,0,0,1,1,1,1,0,0,0,1,1,1,1,1,1,0,0,9,
9,0,0,0,0,0,0,0,0,0,0,1,0,0,0,0,1,0,0,9,
9,0,0,0,1,1,1,1,0,0,0,1,0,1,1,0,1,0,0,9,
9,0,0,0,1,1,1,1,0,0,0,1,0,1,1,0,1,0,0,9,
9,0,0,0,0,0,0,0,0,0,0,1,0,0,1,0,1,0,0,9,
9,0,0,0,0,0,0,0,0,0,0,1,1,0,1,0,1,0,0,9,
9,0,0,0,0,0,0,0,0,0,0,0,0,0,1,0,1,0,0,9,
9,0,0,0,0,0,0,0,0,0,0,1,1,1,1,0,1,0,0,9,
9,0,0,0,0,0,0,0,0,0,0,1,0,0,0,0,1,0,0,9,
9,0,0,0,0,0,0,0,0,0,0,1,1,1,1,1,1,0,0,9,
9,0,0,0,0,0,0,0,0,0,0,0,0,0,0,0,0,0,0,9,
9,0,0,0,0,0,1,1,0,0,0,0,0,0,0,0,0,0,0,9,
9,0,0,0,0,0,1,1,0,0,0,0,0,0,0,0,0,0,0,9,
9,0,0,0,0,0,0,0,0,0,0,0,0,0,0,0,0,0,0,9,
9,0,0,0,0,0,0,0,0,0,0,0,0,0,0,0,0,0,0,9,
9,9,9,9,9,9,9,9,9,9,9,9,9,9,9,9,9,9,9,9
</data>
 </layer>
 <layer name="Objects" width="20" height="20">
  <properties>
   <property name="Type" value="Objects"/>
  </properties>
  <data encoding="csv">
0,0,0,0,0,0,0,0,0,0,0,0,0,0,0,0,0,0,0,0,
0,0,0,0,0,0,0,0,0,0,0,0,0,0,0,0,0,0,0,0,
0,0,4,0,0,0,0,0,0,0,0,0,0,0,0,0,0,0,0,0,
0,0,0,0,0,0,0,0,0,0,0,0,0,0,0,0,0,0,0,0,
0,0,0,0,0,0,4,0,0,0,0,0,0,0,0,0,0,0,0,0,
0,0,0,0,0,0,0,0,0,0,0,0,0,0,0,0,0,0,0,0,
0,0,0,0,0,0,0,0,0,0,0,0,0,0,0,0,0,0,0,0,
0,0,0,0,0,0,0,0,0,0,0,0,0,0,0,0,0,0,0,0,
0,0,0,0,0,0,0,0,0,0,0,0,0,0,0,0,0,0,0,0,
0,0,0,0,0,0,0,0,0,0,0,0,0,0,0,0,0,0,0,0,
0,0,0,0,0,0,0,0,0,0,0,0,0,0,0,0,0,0,0,0,
0,0,0,0,0,0,0,0,0,0,0,0,0,0,0,0,0,0,0,0,
0,0,0,0,0,0,0,0,0,0,0,0,0,0,0,0,0,0,0,0,
0,0,0,0,0,0,0,0,0,0,0,0,0,0,0,0,0,0,0,0,
0,0,0,0,0,0,0,0,0,0,0,0,0,0,0,0,0,0,0,0,
0,0,0,0,0,0,0,0,0,0,0,0,0,0,0,0,0,0,0,0,
0,0,0,0,0,0,0,0,0,0,0,0,0,0,0,0,0,0,0,0,
0,0,0,0,0,0,0,0,0,0,0,0,0,0,0,0,0,0,0,0,
0,0,0,0,0,0,0,0,0,0,0,0,0,0,0,0,0,0,0,0,
0,0,0,0,0,0,0,0,0,0,0,0,0,0,0,0,0,0,0,0
</data>
 </layer>
</map>
